4294967279,555
4294967278,333
11,499
11,498
11,497
11,496
11,494
11,180
11,179
11,178
11,177
11,176
11,175
12,334
13,83
4294967278,331
4294967278,330
4294967279,554
4294967278,329
4294967279,553
4294967279,551
12,333
13,82
4294967279,549
4294967279,548
4294967279,547
4294967278,327
12,49
12,332
12,331
12,330
12,319
12,318
12,317
12,316
12,329
12,315
12,314
12,313
13,81
4294967278,326
12,312
12,311
12,328
12,327
12,310
12,309
12,326
12,308
12,307
12,325
4294967278,324
4294967278,323
4294967278,322
12,306
12,305
12,324
13,80
12,304
12,303
12,302
12,301
12,323
12,300
12,299
12,298
4294967279,544
4294967279,542
4294967279,541
4294967279,540
12,322
4294967279,539
12,297
12,296
12,295
12,294
12,321
12,293
12,292
12,43
4294967278,249
13,79
12,291
12,290
12,320
12,289
12,288
12,287
12,286
4294967278,247
4294967278,245
4294967278,243
4294967278,241
11,174
11,173
11,172
11,170
11,169
11,168
11,167
11,166
11,140
11,139
11,138
11,137
12,285
12,284
12,283
12,282
12,281
12,280
12,279
12,278
12,277
13,78
4294967278,239
12,276
12,275
12,274
12,273
13,77
4294967278,235
12,272
12,271
12,255
12,270
12,269
12,254
12,253
12,268
4294967278,233
12,267
13,76
4294967279,536
12,266
12,252
12,251
12,265
12,250
12,249
12,264
13,75
4294967278,231
4294967279,535
12,263
12,248
12,262
4294967278,229
12,261
13,74
4294967278,227
4294967279,534
12,260
12,247
12,246
12,245
12,244
13,73
12,259
12,243
12,242
13,72
11,136
11,135
12,258
12,241
12,240
12,239
13,71
4294967279,522
12,257
12,256
12,238
12,237
12,236
12,235
13,70
12,234
12,233
12,232
4294967279,521
13,69
13,68
12,231
12,230
12,229
12,228
12,227
12,226
13,67
4294967278,225
4294967278,223
12,225
13,66
4294967278,221
12,224
12,223
12,222
12,221
12,220
13,65
12,219
12,218
12,217
13,64
12,216
12,215
12,214
12,213
12,212
12,211
12,210
4294967278,219
4294967279,519
12,209
12,208
12,207
12,206
12,205
13,40
12,204
12,203
12,202
12,201
12,200
12,199
13,39
12,198
12,197
12,196
13,38
13,37
12,195
12,191
12,190
12,189
12,188
12,194
12,187
12,186
12,18
13,36
12,185
12,184
12,17
12,193
12,183
12,182
12,181
12,180
13,35
12,192
12,179
12,178
12,177
12,176
13,34
4294967278,217
4294967278,215
12,175
12,174
12,173
13,33
12,172
12,171
12,170
12,169
12,168
12,167
12,166
13,32
12,165
12,164
12,163
12,162
12,161
13,31
12,160
12,159
12,158
13,30
12,157
12,156
12,155
12,154
12,153
12,152
12,151
13,29
12,150
12,149
12,148
12,147
12,146
13,28
4294967278,319
4294967278,318
12,145
12,144
12,143
12,142
13,27
12,141
12,140
12,139
12,138
12,137
12,48
12,47
12,136
12,135
12,134
12,133
12,132
13,26
12,131
12,130
12,129
12,127
12,126
12,125
12,124
11,128
11,280
11,259
4294967279,516
12,42
12,128
12,123
12,122
12,121
12,120
4294967279,513
4294967279,319
12,119
4294967278,317
4294967278,315
4294967278,314
4294967279,317
4294967278,312
4294967278,311
13,25
12,118
12,117
12,116
12,115
12,114
12,113
12,112
12,111
12,110
12,109
12,108
12,107
12,46
12,106
12,105
12,104
12,103
13,24
4294967278,310
4294967279,316
4294967279,312
12,102
12,101
12,100
12,99
12,98
12,97
12,96
12,95
12,94
12,93
12,92
12,91
12,90
12,89
12,88
4294967278,309
13,23
12,87
12,86
12,85
12,84
4294967279,306
4294967278,308
4294967279,305
4294967279,304
4294967279,303
4294967279,302
4294967279,301
4294967279,300
4294967278,307
11,380
11,379
11,378
11,377
11,375
11,374
4294967278,306
4294967278,305
4294967294,475
4294967278,388
4294967279,298
4294967293,131
4294967293,130
4294967293,129
4294967293,128
4294967293,127
4294967293,126
4294967293,125
4294967293,124
4294967293,123
4294967293,122
4294967293,121
4294967293,120
4294967293,119
4294967293,118
4294967293,117
4294967293,116
4294967293,115
4294967293,114
4294967293,113
4294967293,112
4294967293,111
4294967293,110
4294967293,109
4294967293,108
4294967293,107
4294967293,106
4294967293,105
4294967293,104
4294967293,103
4294967293,102
4294967293,101
4294967293,100
4294967293,99
4294967293,98
4294967293,97
4294967293,96
4294967293,95
4294967293,94
4294967293,93
4294967293,92
4294967293,91
4294967293,90
4294967293,89
4294967293,88
4294967293,87
4294967293,86
4294967293,85
4294967293,84
4294967293,83
4294967293,82
4294967293,81
4294967293,80
4294967293,79
4294967293,78
4294967293,77
4294967293,76
4294967293,75
4294967293,74
4294967293,73
4294967293,72
4294967293,71
4294967293,70
4294967293,69
4294967293,68
4294967293,67
4294967293,66
4294967293,65
4294967293,64
4294967293,63
4294967293,62
4294967293,61
4294967293,60
4294967293,59
4294967293,58
4294967293,57
4294967293,56
4294967293,55
4294967293,54
4294967293,53
4294967293,52
4294967293,51
4294967293,50
4294967293,49
4294967293,48
4294967293,47
4294967293,46
4294967293,45
4294967293,44
4294967293,43
4294967293,42
4294967293,41
4294967293,40
4294967293,39
4294967293,38
4294967293,37
4294967293,36
4294967293,35
4294967293,34
4294967293,33
4294967293,32
4294967293,31
4294967293,30
4294967293,29
4294967293,28
4294967293,27
4294967293,26
4294967293,25
4294967293,24
4294967293,23
4294967293,22
4294967293,21
4294967293,20
4294967293,19
4294967293,18
4294967293,17
4294967293,16
4294967293,15
4294967293,14
4294967293,13
4294967293,12
4294967293,11
4294967293,10
4294967293,9
4294967293,8
4294967293,7
4294967293,6
4294967293,5
4294967293,4
4294967293,3
4294967293,2
4243767290,0
4243767289,0
4243767288,0
4243767287,0
4243767286,0
4243767285,0
4243767284,0
4243767283,0
4243767282,0
4243767281,0
4294967293,0
4294967279,203
